0,2.5,0,2.5
0.019889,2.5,0.0024723,2.5025
0.039778,2.4951,0.0098894,2.5049
0.059667,2.4852,0.022236,2.5074
0.079556,2.4704,0.039479,2.5099
0.099445,2.4508,0.061564,2.5124
0.11933,2.4265,0.088419,2.5149
0.13922,2.3974,0.11995,2.5174
0.15911,2.3638,0.15605,2.5198
0.179,2.3258,0.19659,2.5223
0.19889,2.2834,0.24141,2.5248
0.21878,2.237,0.29037,2.5273
0.23867,2.1866,0.34327,2.5298
0.25856,2.1324,0.39992,2.5323
0.27845,2.0747,0.46011,2.5348
0.29834,2.0137,0.52361,2.5373
0.31823,1.9497,0.59019,2.5399
0.33811,1.8828,0.65958,2.5424
0.358,1.8133,0.73154,2.5449
0.37789,1.7416,0.80577,2.5474
0.39778,1.6679,0.882,2.5499
0.41767,1.5925,0.95993,2.5524
0.43756,1.5157,1.0393,2.555
0.45745,1.4378,1.1197,2.5575
0.47734,1.3591,1.2009,2.56
0.49723,1.2799,1.2826,2.5625
0.51712,1.2006,1.3645,2.5651
0.537,1.1215,1.4462,2.5676
0.55689,1.0428,1.5274,2.5702
0.57678,0.96492,1.6078,2.5727
0.59667,0.88818,1.6871,2.5752
0.61656,0.81285,1.7649,2.5778
0.63645,0.73927,1.8411,2.5803
0.65634,0.66771,1.9152,2.5829
0.67623,0.59848,1.987,2.5854
0.69612,0.53186,2.0561,2.588
0.71601,0.46812,2.1224,2.5906
0.7359,0.40753,2.1856,2.5931
0.75578,0.35033,2.2454,2.5957
0.77567,0.29677,2.3015,2.5983
0.79556,0.24707,2.3538,2.6008
0.81545,0.20143,2.402,2.6034
0.83534,0.16006,2.4459,2.606
0.85523,0.12313,2.4854,2.6085
0.87512,0.090792,2.5203,2.6111
0.89501,0.063198,2.5505,2.6137
0.9149,0.040469,2.5758,2.6163
0.93479,0.02271,2.5962,2.6189
0.95468,0.010006,2.6115,2.6215
0.97456,0.0024215,2.6216,2.6241
0.99445,2.9199e-06,2.6267,2.6267
1.0143,0.0027747,2.6265,2.6293
1.0342,0.010741,2.6211,2.6319
1.0541,0.023887,2.6106,2.6345
1.074,0.042174,2.5949,2.6371
1.0939,0.065547,2.5741,2.6397
1.1138,0.093927,2.5484,2.6423
1.1337,0.12722,2.5177,2.6449
1.1536,0.1653,2.4822,2.6475
1.1735,0.20805,2.4421,2.6501
1.1933,0.25529,2.3975,2.6528
1.2132,0.30687,2.3485,2.6554
1.2331,0.36258,2.2954,2.658
1.253,0.42223,2.2384,2.6606
1.2729,0.48559,2.1777,2.6633
1.2928,0.55242,2.1135,2.6659
1.3127,0.62247,2.0461,2.6685
1.3326,0.69547,1.9757,2.6712
1.3525,0.77115,1.9027,2.6738
1.3723,0.84922,1.8272,2.6765
1.3922,0.92937,1.7497,2.6791
1.4121,1.0113,1.6704,2.6818
1.432,1.0947,1.5897,2.6844
1.4519,1.1792,1.5078,2.6871
1.4718,1.2646,1.4251,2.6897
1.4917,1.3504,1.3419,2.6924
1.5116,1.4364,1.2586,2.695
1.5315,1.5223,1.1755,2.6977
1.5513,1.6075,1.0928,2.7004
1.5712,1.692,1.0111,2.703
1.5911,1.7753,0.93046,2.7057
1.611,1.857,0.85138,2.7084
1.6309,1.9369,0.77414,2.7111
1.6508,2.0147,0.69904,2.7138
1.6707,2.09,0.62639,2.7164
1.6906,2.1626,0.55649,2.7191
1.7105,2.2322,0.48963,2.7218
1.7303,2.2984,0.42609,2.7245
1.7502,2.3611,0.36612,2.7272
1.7701,2.4199,0.30998,2.7299
1.79,2.4747,0.2579,2.7326
1.8099,2.5252,0.2101,2.7353
1.8298,2.5712,0.16679,2.738
1.8497,2.6126,0.12814,2.7407
1.8696,2.6491,0.094334,2.7434
1.8895,2.6806,0.065513,2.7461
1.9094,2.707,0.041807,2.7488
1.9292,2.7282,0.023326,2.7516
1.9491,2.7441,0.010157,2.7543
1.969,2.7546,0.0023708,2.757
1.9889,2.7597,1.2272e-05,2.7597
2.0088,2.7594,0.0031075,2.7625
2.0287,2.7535,0.01166,2.7652
2.0486,2.7423,0.025653,2.7679
2.0685,2.7256,0.045047,2.7707
2.0884,2.7036,0.069781,2.7734
2.1082,2.6764,0.099773,2.7762
2.1281,2.644,0.13492,2.7789
2.148,2.6065,0.1751,2.7816
2.1679,2.5642,0.22017,2.7844
2.1878,2.5172,0.26996,2.7872
2.2077,2.4656,0.3243,2.7899
2.2276,2.4097,0.38298,2.7927
2.2475,2.3496,0.44578,2.7954
2.2674,2.2857,0.51247,2.7982
2.2872,2.2182,0.5828,2.801
2.3071,2.1472,0.65651,2.8037
2.327,2.0732,0.73331,2.8065
2.3469,1.9964,0.81291,2.8093
2.3668,1.9171,0.895,2.8121
2.3867,1.8356,0.97928,2.8148
2.4066,1.7522,1.0654,2.8176
2.4265,1.6673,1.1531,2.8204
2.4464,1.5813,1.2419,2.8232
2.4662,1.4943,1.3316,2.826
2.4861,1.4069,1.4218,2.8288
2.506,1.3194,1.5122,2.8316
2.5259,1.232,1.6023,2.8344
2.5458,1.1453,1.6919,2.8372
2.5657,1.0594,1.7806,2.84
2.5856,0.97476,1.868,2.8428
2.6055,0.89173,1.9539,2.8456
2.6254,0.81065,2.0378,2.8484
2.6452,0.73183,2.1194,2.8512
2.6651,0.65559,2.1985,2.8541
2.685,0.58226,2.2746,2.8569
2.7049,0.51213,2.3476,2.8597
2.7248,0.44549,2.4171,2.8625
2.7447,0.38261,2.4828,2.8654
2.7646,0.32377,2.5444,2.8682
2.7845,0.2692,2.6018,2.871
2.8044,0.21913,2.6547,2.8739
2.8242,0.17379,2.7029,2.8767
2.8441,0.13335,2.7462,2.8796
2.864,0.098009,2.7844,2.8824
2.8839,0.067907,2.8174,2.8853
2.9038,0.043183,2.8449,2.8881
2.9237,0.023952,2.867,2.891
2.9436,0.010305,2.8835,2.8938
2.9635,0.002315,2.8944,2.8967
2.9834,2.901e-05,2.8995,2.8996
3.0032,0.0034733,2.899,2.9024
3.0231,0.012651,2.8926,2.9053
3.043,0.027544,2.8806,2.9082
3.0629,0.048109,2.8629,2.911
3.0828,0.074281,2.8396,2.9139
3.1027,0.10598,2.8108,2.9168
3.1226,0.14308,2.7766,2.9197
3.1425,0.18547,2.7371,2.9226
3.1624,0.23299,2.6925,2.9255
3.1823,0.28547,2.6429,2.9284
3.2021,0.34271,2.5885,2.9313
3.222,0.40451,2.5296,2.9342
3.2419,0.47063,2.4664,2.9371
3.2618,0.54084,2.3991,2.94
3.2817,0.61485,2.328,2.9429
3.3016,0.6924,2.2534,2.9458
3.3215,0.77319,2.1755,2.9487
3.3414,0.85691,2.0947,2.9516
3.3613,0.94325,2.0113,2.9545
3.3811,1.0319,1.9256,2.9574
3.401,1.1224,1.8379,2.9604
3.4209,1.2146,1.7487,2.9633
3.4408,1.308,1.6583,2.9662
3.4607,1.4022,1.5669,2.9692
3.4806,1.497,1.4751,2.9721
3.5005,1.5919,1.3831,2.975
3.5204,1.6866,1.2913,2.978
3.5403,1.7807,1.2002,2.9809
3.5601,1.8739,1.11,2.9839
3.58,1.9657,1.0212,2.9868
3.5999,2.0558,0.93399,2.9898
3.6198,2.1439,0.84887,2.9927
3.6397,2.2296,0.76615,2.9957
3.6596,2.3125,0.68615,2.9987
3.6795,2.3924,0.60921,3.0016
3.6994,2.4689,0.53565,3.0046
3.7193,2.5418,0.46576,3.0076
3.7391,2.6107,0.39984,3.0105
3.759,2.6754,0.33816,3.0135
3.7789,2.7355,0.28099,3.0165
3.7988,2.7909,0.22855,3.0195
3.8187,2.8414,0.18108,3.0225
3.8386,2.8867,0.13877,3.0255
3.8585,2.9266,0.10182,3.0284
3.8784,2.9611,0.070381,3.0314
3.8983,2.9898,0.044598,3.0344
3.9181,3.0129,0.024588,3.0374
3.938,3.03,0.010449,3.0404
3.9579,3.0412,0.0022544,3.0435
3.9778,3.0464,5.4186e-05,3.0465
3.9977,3.0456,0.003875,3.0495
4.0176,3.0388,0.013719,3.0525
4.0375,3.0259,0.029567,3.0555
4.0574,3.0072,0.051371,3.0585
4.0773,2.9825,0.079066,3.0616
4.0971,2.952,0.11256,3.0646
4.117,2.9159,0.15173,3.0676
4.1369,2.8742,0.19645,3.0706
4.1568,2.8271,0.24655,3.0737
4.1767,2.7749,0.30186,3.0767
4.1966,2.7176,0.36216,3.0798
4.2165,2.6556,0.42725,3.0828
4.2364,2.589,0.49687,3.0859
4.2563,2.5181,0.57076,3.0889
4.2761,2.4433,0.64866,3.092
4.296,2.3648,0.73025,3.095
4.3159,2.2828,0.81524,3.0981
4.3358,2.1978,0.9033,3.1011
4.3557,2.1101,0.99409,3.1042
4.3756,2.02,1.0873,3.1073
4.3955,1.9279,1.1825,3.1104
4.4154,1.8341,1.2793,3.1134
4.4353,1.739,1.3775,3.1165
4.4552,1.643,1.4766,3.1196
4.475,1.5465,1.5762,3.1227
4.4949,1.4499,1.6759,3.1258
4.5148,1.3535,1.7754,3.1289
4.5347,1.2578,1.8742,3.132
4.5546,1.1631,1.972,3.1351
4.5745,1.0698,2.0684,3.1382
4.5944,0.97824,2.163,3.1413
4.6143,0.88889,2.2555,3.1444
4.6342,0.80207,2.3454,3.1475
4.654,0.71812,2.4325,3.1506
4.6739,0.6374,2.5163,3.1537
4.6938,0.56024,2.5966,3.1568
4.7137,0.48695,2.673,3.1599
4.7336,0.41784,2.7452,3.1631
4.7535,0.35319,2.813,3.1662
4.7734,0.29328,2.876,3.1693
4.7933,0.23836,2.9341,3.1725
4.8132,0.18867,2.9869,3.1756
4.833,0.14441,3.0343,3.1787
4.8529,0.10577,3.0761,3.1819
4.8728,0.072939,3.1121,3.185
4.8927,0.046051,3.1421,3.1882
4.9126,0.025234,3.1661,3.1913
4.9325,0.010588,3.1839,3.1945
4.9524,0.0021887,3.1955,3.1976
4.9723,8.8954e-05,3.2007,3.2008
4.9922,0.0043155,3.1997,3.204
5.012,0.01487,3.1923,3.2071
5.0319,0.031731,3.1786,3.2103
5.0518,0.054848,3.1586,3.2135
5.0717,0.084151,3.1325,3.2167
5.0916,0.11954,3.1003,3.2198
5.1115,0.1609,3.0621,3.223
5.1314,0.20807,3.0181,3.2262
5.1513,0.2609,2.9685,3.2294
5.1712,0.31918,2.9134,3.2326
5.191,0.38271,2.8531,3.2358
5.2109,0.45126,2.7877,3.239
5.2308,0.52456,2.7176,3.2422
5.2507,0.60234,2.6431,3.2454
5.2706,0.68431,2.5643,3.2486
5.2905,0.77016,2.4817,3.2518
5.3104,0.85957,2.3955,3.255
5.3303,0.95219,2.3061,3.2583
5.3502,1.0477,2.2138,3.2615
5.37,1.1456,2.1191,3.2647
5.3899,1.2457,2.0222,3.2679
5.4098,1.3476,1.9236,3.2712
5.4297,1.4507,1.8237,3.2744
5.4496,1.5548,1.7228,3.2776
5.4695,1.6595,1.6214,3.2809
5.4894,1.7642,1.5199,3.2841
5.5093,1.8687,1.4186,3.2874
5.5292,1.9725,1.3181,3.2906
5.549,2.0753,1.2186,3.2939
5.5689,2.1765,1.1207,3.2971
5.5888,2.2758,1.0246,3.3004
5.6087,2.3729,0.93079,3.3037
5.6286,2.4673,0.83967,3.3069
5.6485,2.5586,0.75158,3.3102
5.6684,2.6466,0.66689,3.3135
5.6883,2.7308,0.58595,3.3168
5.7082,2.8109,0.50909,3.32
5.7281,2.8867,0.43664,3.3233
5.7479,2.9577,0.36888,3.3266
5.7678,3.0238,0.30611,3.3299
5.7877,3.0846,0.24859,3.3332
5.8076,3.1399,0.19656,3.3365
5.8275,3.1895,0.15026,3.3398
5.8474,3.2332,0.10987,3.3431
5.8673,3.2708,0.075583,3.3464
5.8872,3.3022,0.047545,3.3497
5.9071,3.3271,0.02589,3.353
5.9269,3.3456,0.010721,3.3563
5.9468,3.3575,0.002118,3.3597
5.9667,3.3628,0.00013458,3.363
5.9866,3.3615,0.0047982,3.3663
6.0065,3.3535,0.01611,3.3696
6.0264,3.3389,0.034046,3.373
6.0463,3.3177,0.058553,3.3763
6.0662,3.2901,0.089555,3.3796
6.0861,3.256,0.12695,3.383
6.1059,3.2157,0.17061,3.3863
6.1258,3.1693,0.22037,3.3897
6.1457,3.117,0.27607,3.393
6.1656,3.0589,0.33749,3.3964
6.1855,2.9953,0.40442,3.3997
6.2054,2.9265,0.47661,3.4031
6.2253,2.8527,0.55378,3.4065
6.2452,2.7742,0.63565,3.4098
6.2651,2.6913,0.72192,3.4132
6.2849,2.6043,0.81225,3.4166
6.3048,2.5137,0.9063,3.42
6.3247,2.4196,1.0037,3.4233
6.3446,2.3226,1.1041,3.4267
6.3645,2.223,1.2071,3.4301
6.3844,2.1211,1.3124,3.4335
6.4043,2.0175,1.4194,3.4369
6.4242,1.9125,1.5278,3.4403
6.4441,1.8065,1.6372,3.4437
6.4639,1.6999,1.7472,3.4471
6.4838,1.5933,1.8573,3.4505
6.5037,1.4869,1.967,3.4539
6.5236,1.3813,2.0761,3.4573
6.5435,1.2768,2.1839,3.4608
6.5634,1.174,2.2902,3.4642
6.5833,1.0731,2.3945,3.4676
6.6032,0.97466,2.4964,3.471
6.6231,0.87902,2.5955,3.4745
6.6429,0.78659,2.6913,3.4779
6.6628,0.69774,2.7836,3.4814
6.6827,0.61284,2.872,3.4848
6.7026,0.53224,2.956,3.4882
6.7225,0.45627,3.0354,3.4917
6.7424,0.38526,3.1099,3.4951
6.7623,0.31949,3.1791,3.4986
6.7822,0.25925,3.2428,3.5021
6.8021,0.20479,3.3007,3.5055
6.8219,0.15634,3.3527,3.509
6.8418,0.11412,3.3983,3.5125
6.8617,0.078314,3.4376,3.5159
6.8816,0.04908,3.4703,3.5194
6.9015,0.026555,3.4963,3.5229
6.9214,0.010848,3.5155,3.5264
6.9413,0.0020424,3.5278,3.5299
6.9612,0.00019246,3.5332,3.5334
6.9811,0.0053266,3.5315,3.5368
7.001,0.017445,3.5229,3.5403
7.0208,0.036521,3.5073,3.5438
7.0407,0.0625,3.4849,3.5474
7.0606,0.095299,3.4556,3.5509
7.0805,0.13481,3.4196,3.5544
7.1004,0.18089,3.377,3.5579
7.1203,0.23339,3.328,3.5614
7.1402,0.29211,3.2728,3.5649
7.1601,0.35685,3.2116,3.5685
7.18,0.42735,3.1446,3.572
7.1998,0.50337,3.0721,3.5755
7.2197,0.58462,2.9944,3.5791
7.2396,0.6708,2.9118,3.5826
7.2595,0.76158,2.8246,3.5861
7.2794,0.85662,2.7331,3.5897
7.2993,0.95556,2.6377,3.5932
7.3192,1.058,2.5388,3.5968
7.3391,1.1636,2.4367,3.6003
7.359,1.2719,2.332,3.6039
7.3788,1.3826,2.2249,3.6075
7.3987,1.4951,2.116,3.611
7.4186,1.609,2.0056,3.6146
7.4385,1.724,1.8942,3.6182
7.4584,1.8395,1.7822,3.6218
7.4783,1.9552,1.6702,3.6253
7.4982,2.0705,1.5585,3.6289
7.5181,2.185,1.4475,3.6325
7.538,2.2983,1.3378,3.6361
7.5578,2.4099,1.2298,3.6397
7.5777,2.5194,1.1239,3.6433
7.5976,2.6263,1.0206,3.6469
7.6175,2.7303,0.92021,3.6505
7.6374,2.8309,0.82322,3.6541
7.6573,2.9277,0.73,3.6577
7.6772,3.0204,0.64095,3.6613
7.6971,3.1085,0.55643,3.665
7.717,3.1918,0.47679,3.6686
7.7368,3.2699,0.40235,3.6722
7.7567,3.3424,0.33345,3.6759
7.7766,3.4091,0.27035,3.6795
7.7965,3.4698,0.21334,3.6831
7.8164,3.5241,0.16266,3.6868
7.8363,3.5719,0.11853,3.6904
7.8562,3.6129,0.081136,3.6941
7.8761,3.6471,0.050656,3.6977
7.896,3.6741,0.02723,3.7014
7.9158,3.6941,0.01097,3.705
7.9357,3.7067,0.0019619,3.7087
7.9556,3.7121,0.00026411,3.7124
7.9755,3.7101,0.0059045,3.716
7.9954,3.7008,0.018883,3.7197
8.0153,3.6842,0.039169,3.7234
8.0352,3.6604,0.066704,3.7271
8.0551,3.6294,0.1014,3.7308
8.075,3.5913,0.14315,3.7345
8.0948,3.5464,0.19179,3.7381
8.1147,3.4947,0.24717,3.7418
8.1346,3.4365,0.30908,3.7455
8.1545,3.3719,0.3773,3.7492
8.1744,3.3014,0.45158,3.753
8.1943,3.225,0.53163,3.7567
8.2142,3.1432,0.61718,3.7604
8.2341,3.0562,0.70789,3.7641
8.254,2.9644,0.80342,3.7678
8.2739,2.8681,0.90341,3.7715
8.2937,2.7678,1.0075,3.7753
8.3136,2.6638,1.1153,3.779
8.3335,2.5565,1.2263,3.7827
8.3534,2.4463,1.3402,3.7865
8.3733,2.3337,1.4565,3.7902
8.3932,2.2192,1.5747,3.794
8.4131,2.1032,1.6945,3.7977
8.433,1.9862,1.8153,3.8015
8.4529,1.8685,1.9367,3.8052
8.4727,1.7508,2.0582,3.809
8.4926,1.6334,2.1793,3.8128
8.5125,1.5169,2.2996,3.8165
8.5324,1.4017,2.4186,3.8203
8.5523,1.2883,2.5358,3.8241
8.5722,1.1771,2.6507,3.8279
8.5921,1.0687,2.763,3.8317
8.612,0.96332,2.8721,3.8355
8.6319,0.86155,2.9777,3.8393
8.6517,0.76375,3.0793,3.843
8.6716,0.67035,3.1765,3.8468
8.6915,0.58171,3.2689,3.8507
8.7114,0.49821,3.3563,3.8545
8.7313,0.4202,3.4381,3.8583
8.7512,0.348,3.5141,3.8621
8.7711,0.28193,3.584,3.8659
8.791,0.22225,3.6475,3.8697
8.8109,0.16923,3.7043,3.8736
8.8307,0.12309,3.7543,3.8774
8.8506,0.084051,3.7972,3.8812
8.8705,0.052275,3.8328,3.8851
8.8904,0.027913,3.861,3.8889
8.9103,0.011084,3.8817,3.8927
8.9302,0.0018767,3.8947,3.8966
8.9501,0.0003512,3.9001,3.9005
8.97,0.0065359,3.8978,3.9043
8.9899,0.020429,3.8877,3.9082
9.0097,0.041999,3.87,3.912
9.0296,0.071183,3.8447,3.9159
9.0495,0.10789,3.8119,3.9198
9.0694,0.15199,3.7717,3.9237
9.0893,0.20334,3.7242,3.9275
9.1092,0.26176,3.6697,3.9314
9.1291,0.32703,3.6083,3.9353
9.149,0.39892,3.5403,3.9392
9.1689,0.47716,3.4659,3.9431
9.1887,0.56147,3.3855,3.947
9.2086,0.65154,3.2994,3.9509
9.2285,0.74701,3.2078,3.9548
9.2484,0.84755,3.1112,3.9587
9.2683,0.95275,3.0099,3.9626
9.2882,1.0622,2.9043,3.9665
9.3081,1.1756,2.7949,3.9705
9.328,1.2923,2.682,3.9744
9.3479,1.4121,2.5662,3.9783
9.3677,1.5344,2.4479,3.9823
9.3876,1.6587,2.3275,3.9862
9.4075,1.7846,2.2056,3.9901
9.4274,1.9115,2.0826,3.9941
9.4473,2.0391,1.959,3.998
9.4672,2.1667,1.8353,4.002
9.4871,2.2939,1.712,4.0059
9.507,2.4203,1.5896,4.0099
9.5269,2.5452,1.4687,4.0139
9.5468,2.6683,1.3496,4.0178
9.5666,2.7889,1.2329,4.0218
9.5865,2.9068,1.119,4.0258
9.6064,3.0213,1.0084,4.0298
9.6263,3.1321,0.90165,4.0338
9.6462,3.2387,0.79905,4.0378
9.6661,3.3407,0.70108,4.0417
9.686,3.4376,0.60813,4.0457
9.7059,3.5292,0.52059,4.0497
9.7258,3.6149,0.43883,4.0537
9.7456,3.6946,0.36319,4.0578
9.7655,3.7678,0.29399,4.0618
9.7854,3.8343,0.23152,4.0658
9.8053,3.8938,0.17605,4.0698
9.8252,3.946,0.12783,4.0738
9.8451,3.9908,0.087063,4.0779
9.865,4.028,0.053936,4.0819
9.8849,4.0573,0.028604,4.0859
9.9048,4.0788,0.01119,4.09
9.9246,4.0922,0.0017869,4.094
9.9445,4.0976,0.00045555,4.0981
9.9644,4.0949,0.0072252,4.1021
9.9843,4.0841,0.022093,4.1062
10.004,4.0652,0.045025,4.1102
10.024,4.0383,0.075953,4.1143
10.044,4.0036,0.11478,4.1184
10.064,3.9611,0.16137,4.1224
10.084,3.9109,0.21558,4.1265
10.104,3.8534,0.27719,4.1306
10.124,3.7887,0.34601,4.1347
10.143,3.717,0.42177,4.1388
10.163,3.6387,0.50419,4.1429
10.183,3.554,0.59298,4.147
10.203,3.4633,0.6878,4.1511
10.223,3.3669,0.78829,4.1552
10.243,3.2652,0.89409,4.1593
10.263,3.1586,1.0048,4.1634
10.283,3.0476,1.1199,4.1675
10.303,2.9325,1.2392,4.1716
10.322,2.8138,1.362,4.1758
10.342,2.692,1.4879,4.1799
10.362,2.5676,1.6164,4.184
10.382,2.4411,1.7471,4.1882
10.402,2.3129,1.8794,4.1923
10.422,2.1837,2.0128,4.1964
10.442,2.0538,2.1468,4.2006
10.462,1.9239,2.2809,4.2047
10.482,1.7944,2.4145,4.2089
10.501,1.6658,2.5472,4.2131
10.521,1.5388,2.6784,4.2172
10.541,1.4138,2.8077,4.2214
10.561,1.2912,2.9344,4.2256
10.581,1.1717,3.0581,4.2298
10.601,1.0557,3.1783,4.2339
10.621,0.94361,3.2945,4.2381
10.641,0.83597,3.4063,4.2423
10.661,0.73321,3.5133,4.2465
10.68,0.63574,3.615,4.2507
10.7,0.54397,3.711,4.2549
10.72,0.45828,3.8009,4.2591
10.74,0.37903,3.8843,4.2633
10.76,0.30655,3.961,4.2676
10.78,0.24117,4.0306,4.2718
10.8,0.18314,4.0929,4.276
10.82,0.13274,4.1475,4.2802
10.84,0.090172,4.1943,4.2845
10.859,0.055641,4.2331,4.2887
10.879,0.029303,4.2636,4.2929
10.899,0.011288,4.2859,4.2972
10.919,0.0016928,4.2997,4.3014
10.939,0.00057913,4.3051,4.3057
10.959,0.0079771,4.302,4.3099
10.979,0.023883,4.2903,4.3142
10.999,0.048258,4.2702,4.3185
11.019,0.081032,4.2417,4.3227
11.038,0.1221,4.2049,4.327
11.058,0.17133,4.16,4.3313
11.078,0.22854,4.107,4.3356
11.098,0.29353,4.0463,4.3399
11.118,0.36608,3.9781,4.3442
11.138,0.44591,3.9025,4.3485
11.158,0.53274,3.82,4.3528
11.178,0.62624,3.7308,4.3571
11.198,0.72607,3.6353,4.3614
11.217,0.83184,3.5338,4.3657
11.237,0.94317,3.4268,4.37
11.257,1.0596,3.3147,4.3743
11.277,1.1808,3.1979,4.3787
11.297,1.3062,3.0768,4.383
11.317,1.4353,2.952,4.3873
11.337,1.5677,2.824,4.3917
11.357,1.7028,2.6932,4.396
11.377,1.8402,2.5602,4.4003
11.396,1.9792,2.4255,4.4047
11.416,2.1194,2.2897,4.4091
11.436,2.2602,2.1532,4.4134
11.456,2.4011,2.0167,4.4178
11.476,2.5415,1.8807,4.4221
11.496,2.6809,1.7457,4.4265
11.516,2.8186,1.6123,4.4309
11.536,2.9543,1.481,4.4353
11.556,3.0873,1.3523,4.4397
11.575,3.2172,1.2269,4.4441
11.595,3.3434,1.1051,4.4485
11.615,3.4653,0.98751,4.4529
11.635,3.5827,0.87459,4.4573
11.655,3.6949,0.7668,4.4617
11.675,3.8015,0.66459,4.4661
11.695,3.9021,0.56838,4.4705
11.715,3.9963,0.47857,4.4749
11.735,4.0838,0.39555,4.4793
11.754,4.1641,0.31965,4.4838
11.774,4.237,0.2512,4.4882
11.794,4.3021,0.19051,4.4926
11.814,4.3593,0.13782,4.4971
11.834,4.4081,0.093383,4.5015
11.854,4.4486,0.057389,4.506
11.874,4.4804,0.03001,4.5104
11.894,4.5035,0.011378,4.5149
11.914,4.5178,0.0015946,4.5194
11.933,4.5231,0.00072413,4.5238
11.953,4.5195,0.0087967,4.5283
11.973,4.507,0.025807,4.5328
11.993,4.4856,0.051714,4.5373
12.013,4.4553,0.086442,4.5418
12.033,4.4164,0.12988,4.5462
12.053,4.3689,0.18188,4.5507
12.073,4.313,0.24227,4.5552
12.093,4.2489,0.31082,4.5597
12.112,4.177,0.3873,4.5643
12.132,4.0973,0.47143,4.5688
12.152,4.0104,0.56289,4.5733
12.172,3.9165,0.66136,4.5778
12.192,3.8159,0.76645,4.5823
12.212,3.7091,0.87779,4.5869
12.232,3.5965,0.99494,4.5914
12.252,3.4785,1.1175,4.5959
12.272,3.3556,1.2449,4.6005
12.291,3.2283,1.3768,4.605
12.311,3.097,1.5126,4.6096
12.331,2.9624,1.6518,4.6142
12.351,2.8249,1.7938,4.6187
12.371,2.6851,1.9382,4.6233
12.391,2.5435,2.0843,4.6279
12.411,2.4008,2.2317,4.6324
12.431,2.2574,2.3796,4.637
12.451,2.114,2.5276,4.6416
12.47,1.9711,2.6751,4.6462
12.49,1.8293,2.8215,4.6508
12.51,1.6892,2.9662,4.6554
12.53,1.5514,3.1086,4.66
12.55,1.4163,3.2483,4.6646
12.57,1.2846,3.3846,4.6692
12.59,1.1568,3.517,4.6738
12.61,1.0335,3.645,4.6785
12.63,0.91498,3.7681,4.6831
12.649,0.80193,3.8858,4.6877
12.669,0.69475,3.9976,4.6923
12.689,0.59388,4.1031,4.697
12.709,0.49976,4.2019,4.7016
12.729,0.41277,4.2935,4.7063
12.749,0.33329,4.3776,4.7109
12.769,0.26165,4.4539,4.7156
12.789,0.19816,4.5221,4.7203
12.809,0.14309,4.5818,4.7249
12.828,0.096698,4.6329,4.7296
12.848,0.059182,4.6751,4.7343
12.868,0.030723,4.7082,4.739
12.888,0.011458,4.7322,4.7436
12.908,0.0014926,4.7468,4.7483
12.928,0.0008929,4.7521,4.753
12.948,0.0096894,4.748,4.7577
12.968,0.027875,4.7346,4.7624
12.988,0.055406,4.7117,4.7671
13.007,0.092201,4.6797,4.7719
13.027,0.13814,4.6384,4.7766
13.047,0.19308,4.5882,4.7813
13.067,0.25681,4.5292,4.786
13.087,0.32912,4.4616,4.7908
13.107,0.40975,4.3858,4.7955
13.127,0.4984,4.3018,4.8002
13.147,0.59475,4.2102,4.805
13.167,0.69843,4.1113,4.8097
13.186,0.80908,4.0054,4.8145
13.206,0.92626,3.893,4.8193
13.226,1.0495,3.7745,4.824
13.246,1.1785,3.6503,4.8288
13.266,1.3125,3.5211,4.8336
13.286,1.4512,3.3871,4.8384
13.306,1.594,3.2491,4.8431
13.326,1.7403,3.1076,4.8479
13.346,1.8897,2.963,4.8527
13.365,2.0414,2.8161,4.8575
13.385,2.195,2.6673,4.8623
13.405,2.3499,2.5173,4.8671
13.425,2.5053,2.3666,4.8719
13.445,2.6608,2.216,4.8768
13.465,2.8157,2.0659,4.8816
13.485,2.9694,1.917,4.8864
13.505,3.1214,1.7698,4.8912
13.525,3.271,1.6251,4.8961
13.544,3.4176,1.4833,4.9009
13.564,3.5607,1.3451,4.9058
13.584,3.6996,1.211,4.9106
13.604,3.834,1.0815,4.9155
13.624,3.9631,0.95723,4.9203
13.644,4.0866,0.83865,4.9252
13.664,4.2038,0.72626,4.9301
13.684,4.3144,0.62052,4.935
13.704,4.418,0.52187,4.9398
13.723,4.514,0.43074,4.9447
13.743,4.6021,0.34751,4.9496
13.763,4.682,0.27252,4.9545
13.783,4.7533,0.20611,4.9594
13.803,4.8158,0.14855,4.9643
13.823,4.8691,0.10012,4.9692
13.843,4.9131,0.061021,4.9741
13.863,4.9476,0.031442,4.9791
13.883,4.9724,0.011528,4.984
13.902,4.9875,0.0013872,4.9889
13.922,4.9928,0.001088,4.9938
13.942,4.9881,0.010661,4.9988
13.962,4.9736,0.030098,5.0037
13.982,4.9493,0.059351,5.0087
14.002,4.9153,0.098333,5.0136
14.022,4.8717,0.14692,5.0186
14.042,4.8186,0.20495,5.0235
14.062,4.7563,0.27222,5.0285
14.081,4.685,0.34848,5.0335
14.101,4.605,0.43348,5.0385
14.121,4.5165,0.5269,5.0434
14.141,4.42,0.62839,5.0484
14.161,4.3158,0.73758,5.0534
14.181,4.2044,0.85406,5.0584
14.201,4.086,0.9774,5.0634
14.221,3.9613,1.1071,5.0684
14.241,3.8307,1.2428,5.0734
14.26,3.6947,1.3838,5.0785
14.28,3.5538,1.5296,5.0835
14.3,3.4087,1.6798,5.0885
14.32,3.2599,1.8337,5.0935
14.34,3.1079,1.9907,5.0986
14.36,2.9534,2.1502,5.1036
14.38,2.7971,2.3116,5.1087
14.4,2.6394,2.4743,5.1137
14.42,2.4811,2.6376,5.1188
14.439,2.3229,2.801,5.1238
14.459,2.1652,2.9637,5.1289
14.479,2.0088,3.1252,5.134
14.499,1.8543,3.2847,5.1391
14.519,1.7023,3.4418,5.1441
14.539,1.5535,3.5957,5.1492
14.559,1.4084,3.7459,5.1543
14.579,1.2676,3.8918,5.1594
14.599,1.1318,4.0327,5.1645
14.618,1.0014,4.1682,5.1696
14.638,0.87704,4.2977,5.1747
14.658,0.75918,4.4207,5.1799
14.678,0.64833,4.5366,5.185
14.698,0.54496,4.6452,5.1901
14.718,0.44948,4.7458,5.1952
14.738,0.36232,4.8381,5.2004
14.758,0.28383,4.9217,5.2055
14.778,0.21436,4.9963,5.2107
14.797,0.15421,5.0616,5.2158
14.817,0.10365,5.1173,5.221
14.837,0.062905,5.1632,5.2261
14.857,0.032167,5.1991,5.2313
14.877,0.011588,5.2249,5.2365
14.897,0.0012791,5.2404,5.2417
14.917,0.0013122,5.2455,5.2468
14.937,0.011718,5.2403,5.252
14.957,0.032486,5.2247,5.2572
14.976,0.063564,5.1989,5.2624
14.996,0.10486,5.1628,5.2676
15.016,0.15624,5.1166,5.2728
15.036,0.21754,5.0605,5.2781
15.056,0.28853,4.9947,5.2833
15.076,0.36898,4.9195,5.2885
15.096,0.45858,4.8352,5.2937
15.116,0.55701,4.742,5.299
15.136,0.66392,4.6403,5.3042
15.155,0.7789,4.5305,5.3095
15.175,0.90153,4.4132,5.3147
15.195,1.0314,4.2886,5.32
15.215,1.1679,4.1574,5.3252
15.235,1.3106,4.0199,5.3305
15.255,1.4589,3.8769,5.3358
15.275,1.6123,3.7287,5.341
15.295,1.7702,3.5761,5.3463
15.315,1.932,3.4196,5.3516
15.334,2.097,3.2599,5.3569
15.354,2.2647,3.0975,5.3622
15.374,2.4344,2.9331,5.3675
15.394,2.6053,2.7675,5.3728
15.414,2.7769,2.6012,5.3781
15.434,2.9485,2.4349,5.3834
15.454,3.1195,2.2693,5.3888
15.474,3.2891,2.105,5.3941
15.494,3.4566,1.9428,5.3994
15.513,3.6215,1.7832,5.4048
15.533,3.7831,1.627,5.4101
15.553,3.9408,1.4747,5.4155
15.573,4.0939,1.327,5.4208
15.593,4.2418,1.1844,5.4262
15.613,4.3839,1.0476,5.4315
15.633,4.5197,0.91718,5.4369
15.653,4.6487,0.79359,5.4423
15.673,4.7703,0.67739,5.4477
15.692,4.884,0.56905,5.4531
15.712,4.9894,0.46902,5.4585
15.732,5.0861,0.37774,5.4638
15.752,5.1737,0.2956,5.4693
15.772,5.2517,0.22293,5.4747
15.792,5.32,0.16007,5.4801
15.812,5.3782,0.10729,5.4855
15.832,5.4261,0.064835,5.4909
15.852,5.4635,0.032897,5.4964
15.871,5.4902,0.011636,5.5018
15.891,5.5061,0.0011686,5.5072
15.911,5.5111,0.0015687,5.5127
15.931,5.5053,0.012867,5.5181
15.951,5.4885,0.03505,5.5236
15.971,5.461,0.068064,5.529
15.991,5.4227,0.11181,5.5345
16.011,5.3738,0.16615,5.54
16.031,5.3146,0.23089,5.5455
16.05,5.2451,0.30582,5.5509
16.07,5.1658,0.39066,5.5564
16.09,5.0768,0.48512,5.5619
16.11,4.9786,0.58884,5.5674
16.13,4.8715,0.70145,5.5729
16.15,4.7559,0.82253,5.5785
16.17,4.6323,0.95163,5.584
16.19,4.5012,1.0883,5.5895
16.21,4.3631,1.2319,5.595
16.229,4.2185,1.3821,5.6006
16.249,4.068,1.5381,5.6061
16.269,3.9122,1.6994,5.6116
16.289,3.7517,1.8655,5.6172
16.309,3.5872,2.0356,5.6227
16.329,3.4192,2.2091,5.6283
16.349,3.2485,2.3853,5.6339
16.369,3.0758,2.5636,5.6394
16.389,2.9018,2.7433,5.645
16.408,2.727,2.9236,5.6506
16.428,2.5523,3.1039,5.6562
16.448,2.3784,3.2834,5.6618
16.468,2.2059,3.4615,5.6674
16.488,2.0355,3.6375,5.673
16.508,1.8679,3.8107,5.6786
16.528,1.7039,3.9803,5.6842
16.548,1.544,4.1458,5.6898
16.568,1.389,4.3064,5.6955
16.587,1.2395,4.4616,5.7011
16.607,1.096,4.6108,5.7067
16.627,0.95914,4.7532,5.7124
16.647,0.82955,4.8885,5.718
16.667,0.70773,5.0159,5.7237
16.687,0.59419,5.1351,5.7293
16.707,0.4894,5.2456,5.735
16.727,0.39382,5.3469,5.7407
16.747,0.30784,5.4385,5.7463
16.766,0.23184,5.5202,5.752
16.786,0.16614,5.5916,5.7577
16.806,0.11105,5.6524,5.7634
16.826,0.066812,5.7023,5.7691
16.846,0.03363,5.7412,5.7748
16.866,0.011672,5.7689,5.7805
16.886,0.0010565,5.7852,5.7862
16.906,0.0018606,5.7901,5.792
16.926,0.014115,5.7836,5.7977
16.945,0.037804,5.7656,5.8034
16.965,0.07287,5.7363,5.8092
16.985,0.11921,5.6957,5.8149
17.005,0.17666,5.644,5.8207
17.025,0.24505,5.5814,5.8264
17.045,0.32412,5.5081,5.8322
17.065,0.41361,5.4243,5.8379
17.085,0.51318,5.3305,5.8437
17.105,0.62247,5.227,5.8495
17.124,0.74109,5.1142,5.8553
17.144,0.86859,4.9925,5.8611
17.164,1.0045,4.8624,5.8669
17.184,1.1483,4.7244,5.8727
17.204,1.2995,4.579,5.8785
17.224,1.4574,4.4269,5.8843
17.244,1.6216,4.2686,5.8901
17.264,1.7913,4.1047,5.8959
17.284,1.9659,3.9359,5.9018
17.303,2.1447,3.7629,5.9076
17.323,2.3271,3.5864,5.9135
17.343,2.5123,3.407,5.9193
17.363,2.6997,3.2254,5.9252
17.383,2.8885,3.0425,5.931
17.403,3.078,2.8589,5.9369
17.423,3.2674,2.6754,5.9427
17.443,3.456,2.4927,5.9486
17.463,3.643,2.3115,5.9545
17.482,3.8278,2.1326,5.9604
17.502,4.0096,1.9567,5.9663
17.522,4.1877,1.7845,5.9722
17.542,4.3614,1.6167,5.9781
17.562,4.53,1.454,5.984
17.582,4.6929,1.297,5.9899
17.602,4.8493,1.1465,5.9959
17.622,4.9988,1.003,6.0018
17.642,5.1406,0.86712,6.0077
17.661,5.2742,0.73941,6.0137
17.681,5.3992,0.62043,6.0196
17.701,5.5149,0.51065,6.0256
17.721,5.621,0.41056,6.0315
17.741,5.7169,0.32057,6.0375
17.761,5.8024,0.24108,6.0435
17.781,5.877,0.17243,6.0494
17.801,5.9405,0.11493,6.0554
17.821,5.9926,0.068836,6.0614
17.84,6.033,0.034367,6.0674
17.86,6.0617,0.011695,6.0734
17.88,6.0785,0.00094359,6.0794
17.9,6.0832,0.0021916,6.0854
17.92,6.076,0.01547,6.0914
17.94,6.0567,0.040761,6.0975
17.96,6.0255,0.078,6.1035
17.98,5.9824,0.12708,6.1095
18,5.9277,0.18783,6.1156
18.019,5.8616,0.26006,6.1216
18.039,5.7842,0.34351,6.1277
18.059,5.6958,0.43789,6.1337
18.079,5.5969,0.54285,6.1398
18.099,5.4879,0.65801,6.1459
18.119,5.369,0.78296,6.1519
18.139,5.2408,0.91722,6.158
18.159,5.1038,1.0603,6.1641
18.179,4.9586,1.2117,6.1702
18.198,4.8056,1.3707,6.1763
18.218,4.6455,1.5369,6.1824
18.238,4.479,1.7095,6.1885
18.258,4.3066,1.888,6.1947
18.278,4.1292,2.0716,6.2008
18.298,3.9473,2.2596,6.2069
18.318,3.7617,2.4514,6.2131
18.338,3.5731,2.6461,6.2192
18.358,3.3823,2.843,6.2253
18.377,3.1901,3.0414,6.2315
18.397,2.9972,3.2405,6.2377
18.417,2.8044,3.4394,6.2438
18.437,2.6125,3.6376,6.25
18.457,2.4222,3.834,6.2562
18.477,2.2343,4.0281,6.2624
18.497,2.0496,4.219,6.2686
18.517,1.8688,4.4059,6.2748
18.537,1.6927,4.5883,6.281
18.556,1.522,4.7652,6.2872
18.576,1.3573,4.9361,6.2934
18.596,1.1994,5.1002,6.2996
18.616,1.0489,5.257,6.3059
18.636,0.90638,5.4057,6.3121
18.656,0.77251,5.5458,6.3183
18.676,0.64781,5.6768,6.3246
18.696,0.53281,5.798,6.3308
18.716,0.428,5.9091,6.3371
18.735,0.33382,6.0095,6.3434
18.755,0.25068,6.099,6.3496
18.775,0.17895,6.177,6.3559
18.795,0.11893,6.2433,6.3622
18.815,0.070908,6.2976,6.3685
18.835,0.035107,6.3397,6.3748
18.855,0.011705,6.3694,6.3811
18.875,0.0008307,6.3866,6.3874
18.895,0.0025655,6.3912,6.3937
18.915,0.01694,6.3831,6.4
18.934,0.043934,6.3624,6.4064
18.954,0.083478,6.3292,6.4127
18.974,0.13545,6.2836,6.4191
18.994,0.19969,6.2257,6.4254
19.014,0.27598,6.1558,6.4318
19.034,0.36404,6.0741,6.4381
19.054,0.46358,5.9809,6.4445
19.074,0.57422,5.8766,6.4509
19.094,0.69556,5.7617,6.4572
19.113,0.82717,5.6365,6.4636
19.133,0.96855,5.5015,6.47
19.153,1.1192,5.3572,6.4764
19.173,1.2785,5.2043,6.4828
19.193,1.4459,5.0434,6.4892
19.213,1.6207,4.875,6.4956
19.233,1.8023,4.6998,6.5021
19.253,1.99,4.5185,6.5085
19.273,2.1831,4.3319,6.5149
19.292,2.3808,4.1406,6.5214
19.312,2.5823,3.9455,6.5278
19.332,2.787,3.7473,6.5343
19.352,2.9939,3.5468,6.5407
19.372,3.2024,3.3448,6.5472
19.392,3.4115,3.1421,6.5537
19.412,3.6206,2.9396,6.5602
19.432,3.8287,2.738,6.5667
19.452,4.035,2.5381,6.5732
19.471,4.2388,2.3409,6.5797
19.491,4.4392,2.1469,6.5862
19.511,4.6355,1.9571,6.5927
19.531,4.8269,1.7723,6.5992
19.551,5.0126,1.5931,6.6057
19.571,5.1919,1.4203,6.6123
19.591,5.3641,1.2547,6.6188
19.611,5.5285,1.0968,6.6253
19.631,5.6845,0.9474,6.6319
19.65,5.8314,0.80706,6.6384
19.67,5.9686,0.67639,6.645
19.69,6.0957,0.55592,6.6516
19.71,6.212,0.44617,6.6582
19.73,6.3171,0.3476,6.6647
19.75,6.4107,0.26065,6.6713
19.77,6.4922,0.18569,6.6779
19.79,6.5615,0.12305,6.6845
19.81,6.6181,0.073027,6.6911
19.829,6.6619,0.035848,6.6978
19.849,6.6927,0.0117,6.7044
19.869,6.7103,0.00071887,6.711
